1 20580U 90037B   19348.07317130  .00000380  00000-0  12158-4 0  9993
2 20580  28.4689 112.3260 0002514 244.5787  94.8879 15.09311555427865
1 22049U 92044A   19215.06662851 -.00000848 +00000-0 +00000-0 0  9999
2 22049 020.3187 056.6729 5695901 154.3034 000.7560 00.19228203010938
1 24876U 97035A   19347.97200825  .00000095  00000-0  00000+0 0  9991
2 24876  55.4549 191.4380 0039226  66.4682 294.0165  2.00564371164074
1 25544U 98067A   19348.72203236 -.00000984  00000-0 -91280-5 0  9998
2 25544  51.6409 186.2834 0007352  34.9723  68.8141 15.50116847203263
1 25867U 99040B   19351.68916195  .00000732  00000-0  00000+0 0  9995
2 25867  65.3405 271.6143 7461115 230.6550 359.8063  0.37807707 19501
1 25933U 99055A   19348.04150802 -.00000061  00000-0  00000+0 0  9992
2 25933  52.2221  38.0535 0160964 113.6571 219.2643  2.00554056147895
1 26360U 00025A   19348.49140104  .00000026  00000-0  00000+0 0  9999
2 26360  53.4265 116.9202 0049553 146.5158 204.9362  2.00568922143593
1 26407U 00040A   19348.14473976 -.00000029  00000-0  00000+0 0  9990
2 26407  56.1344 309.5142 0192285 277.8908 150.0306  2.00559693142265
1 26410U 00041A   19346.65615052  .00000571  00000-0  00000+0 0  9993
2 26410 131.5221 340.2372 4224508 178.0515   0.0331  0.44218485 21515
1 26411U 00041B   19348.82253371 +.00000000 +00000-0 +00000-0 0  9995
2 26411 131.1983 341.4083 5389114 184.8151 359.7679 00.44222265009804
1 26463U 00045A   19348.97597322 +.00000541 +00000-0 +00000-0 0  9999
2 26463 134.8250 340.8180 5015572 184.1975 359.7117 00.44348208009690
1 26605U 00071A   19346.63567931  .00000103  00000-0  00000+0 0  9993
2 26605  55.0300 188.8670 0109392 249.8058  79.8797  2.00572282139831
1 26690U 01004A   19348.42589573  .00000034  00000-0  00000+0 0  9992
2 26690  53.3360 121.0775 0000599 308.5908 138.3898  1.91595411137988
1 27540U 02048A   19348.31779275  .00000883  00000-0  00000+0 0  9996
2 27540  51.5839 129.4499 8884612 285.0781   3.0154  0.37596926 17690
1 27663U 03005A   19347.12782708 -.00000032  00000-0  00000+0 0  9996
2 27663  56.1932 309.3346 0109694  32.3018 148.5201  2.00562867123605
1 27704U 03010A   19346.44672616 -.00000050  00000-0  00000+0 0  9998
2 27704  54.4912  60.7009 0249232 280.3019  90.1923  2.00571929122390
1 28129U 03058A   19346.17451079  .00000023  00000-0  00000+0 0  9999
2 28129  53.2367 119.7683 0071126 287.5110  71.6807  2.00568334117083
1 28190U 04009A   19347.17585590 -.00000053  00000-0  00000+0 0  9995
2 28190  56.2820  10.1094 0089239  88.1120 279.3101  2.00565461115280
1 28361U 04023A   19347.03683985  .00000099  00000-0  00000+0 0  9992
2 28361  54.0531 183.0344 0134348 233.6163 304.0660  2.00559317113365
1 28474U 04045A   19348.26936389 -.00000045  00000-0  00000+0 0  9998
2 28474  54.8441  60.4426 0197876 263.3163  89.1808  2.00572878110754
1 28874U 05038A   19348.13976933 -.00000053  00000-0  00000+0 0  9999
2 28874  56.3952   7.4420 0136559 264.0207  99.1862  2.00570828104156
1 29155U 06018A   19347.90674556 -.00000336 +00000-0 +00000-0 0  9996
2 29155 000.2281 092.2177 0009861 168.9135 277.6416 00.99995950019538
1 29486U 06042A   19347.76479817  .00000040  00000-0  00000+0 0  9997
2 29486  54.9256 245.8505 0095859   3.3259  10.1494  2.00554648 96861
1 29601U 06052A   19348.18577452 -.00000027  00000-0  00000+0 0  9994
2 29601  56.1758 308.2106 0074918  61.8041 298.9454  2.00551361 95784
1 29670U 06062A   19347.56849484  .00000014  00000-0  10000-3 0  9999
2 29670  65.0323 274.1171 0023530 342.0335 125.1223  2.13107150100918
1 29671U 06062B   19348.34577806  .00000016  00000-0  10000-3 0  9995
2 29671  65.0408 274.2012 0019976 176.0724 311.3359  2.12962013100931
1 29672U 06062C   19347.37715084 +.00000014 +00000-0 +00000-0 0  9994
2 29672 065.0358 274.1375 0018574 169.2762 190.7907 02.13121069100900
1 32260U 07047A   19348.00041153  .00000090  00000-0  00000+0 0  9998
2 32260  53.1770 178.5168 0119160  47.9162 313.1389  2.00570500 89151
1 32275U 07052A   19347.58030442 -.00000030  00000-0  10000-3 0  9991
2 32275  65.9191  35.1518 0004914 243.1794  62.1210  2.13104485 94422
1 32276U 07052B   19347.71274508 -.00000030  00000-0  10000-3 0  9990
2 32276  65.9324  35.2327 0010242 318.4104  39.1178  2.13103632 94422
1 32384U 07062A   19348.43469740 -.00000053  00000-0  00000+0 0  9995
2 32384  56.4850   8.0877 0008277 123.7646 320.1087  2.00566336 87909
1 32393U 07065A   19348.31599593  .00000017  00000-0  00000+0 0  9994
2 32393  64.6458 272.8068 0001811  80.4442 316.6633  2.13103024 93153
1 32395U 07065C   19348.24182727  .00000017  00000-0  10000-3 0  9990
2 32395  64.6557 272.8594 0015288 335.6122 106.9429  2.13280867 93088
1 32711U 08012A   19347.91657462  .00000041  00000-0  00000+0 0  9993
2 32711  54.6683 244.9920 0133493 222.0426 137.0084  2.00558572 86077
1 33401U 08051A   17218.24856028 -.00002000 +00000-0 +00000-0 0  9992
2 33401 030.2157 094.3610 7460229 003.0421 007.6340 00.10111689003699
1 35491U 09033A   19348.54118979 -.00000081  00000-0  00000+0 0  9995
2 35491   0.1363 282.7447 0012536 308.3365 302.5186  1.00271230 38323
1 35752U 09043A   19348.33979675  .00000036  00000-0  00000+0 0  9990
2 35752  54.5054 122.5884 0056506  44.5726 288.6565  2.00576079 75667
1 36111U 09070A   19348.50082137  .00000087  00000-0  00000+0 0  9993
2 36111  64.2130 152.4574 0002645 354.4203 357.8240  2.13102895 77819
1 36112U 09070B   19347.71636796  .00000087  00000-0  00000+0 0  9992
2 36112  64.1929 152.3817 0006889 146.6865  87.9222  2.13101530 77808
1 36113U 09070C   19347.88424476 +.00000087 +00000-0 +10000-3 0  9996
2 36113 064.1979 152.3938 0002687 053.1086 340.2073 02.13092472077811
1 36400U 10007A   19347.78301977 -.00000030  00000-0  10000-3 0  9995
2 36400  65.8248  34.1403 0024740 345.5397 330.0756  2.13105054 76150
1 36401U 10007B   19347.85814552 -.00000030 +00000-0 +10000-3 0  9992
2 36401 065.8175 034.1091 0004866 070.6854 212.7790 02.13101924076150
1 36402U 10007C   19348.08359819 -.00000031  00000-0  10000-3 0  9990
2 36402  65.8067  34.0619 0002142 231.1258 264.7976  2.13101459 76160
1 36411U 10008A   19348.56646390  .00000066  00000-0  00000+0 0  9999
2 36411   0.1612 273.5449 0001276 312.2997 293.0235  1.00280392 35838
1 36585U 10022A   19348.48341691 -.00000025  00000-0  00000+0 0  9990
2 36585  55.4512 304.3694 0085625  49.7484 132.1218  2.00569790 69913
1 37139U 10041C   19348.20199012  .00000017  00000-0  00000+0 0  9995
2 37139  64.2470 272.3434 0026132   7.8106 166.8049  2.13100714 72236
1 37212U 10058A   19347.30188447  .00000047  00000-0  00000+0 0  9998
2 37212  63.6321 322.9083 6916311 274.0052 238.5244  2.00630800 66753
1 37372U 11009A   19347.88629859 -.00000031  00000-0  00000+0 0  9996
2 37372  65.8042  34.0115 0010463 229.9111 270.4374  2.13107579 68435
1 37398U 11018A   19348.24547645 -.00000072  00000-0  10000-3 0  9997
2 37398  64.2318  59.8499 7216607 255.0089  18.5737  2.00619345 63097
1 37753U 11036A   19348.17932451 -.00000040  00000-0  00000+0 0  9997
2 37753  56.0437  64.6218 0090250  42.5809   8.4492  2.00567635 61595
1 37755U 11037A   18264.20000000 +.00000083 +00000-0 +00000-0 0  9993
2 37755 051.5880 113.3680 8331057 181.9940 359.9340 00.11829941003008
1 37829U 11055A   19347.58060450 +.00000088 +00000-0 +00000-0 0  9999
2 37829 064.5335 153.4354 0007893 239.8712 341.9967 02.13101890063790
1 37846U 11060A   19345.65874112 -.00000059 +00000-0 +00000-0 0  9997
2 37846 056.5032 046.4835 0002810 302.8994 057.1352 01.70475491050553
1 37847U 11060B   19347.39116623 -.00000056 +00000-0 +00000-0 0  9994
2 37847 056.5049 046.4349 0004813 291.2158 098.0876 01.70475493050591
1 37867U 11064A   19348.38330257  .00000089  00000-0  00000+0 0  9995
2 37867  64.5133 153.4557 0017392 233.0813 290.7727  2.13101883 63164
1 37868U 11064B   19347.61193006  .00000089  00000-0  00000+0 0  9990
2 37868  64.5206 153.5370 0014962 233.6438 237.0510  2.13101819 63106
1 37869U 11064C   19348.18061411  .00000088  00000-0  00000+0 0  9997
2 37869  64.5281 153.5169 0018345 260.5495 243.6835  2.13102006 63121
1 38833U 12053A   19348.10035241  .00000044  00000-0  00000+0 0  9994
2 38833  53.7071 241.0113 0091218  35.2139 325.4732  2.00563781 52652
1 38857U 12055A   19346.87408005  .00000103  00000-0  00000+0 0  9992
2 38857  54.9514 166.9461 0001021 239.9250 120.0929  1.70473767 44618
1 38858U 12055B   19346.80838092 +.00000103 +00000-0 +00000-0 0  9990
2 38858 054.9518 166.9473 0000253 105.0342 254.9972 01.70473734044616
1 38995U 12063A   19348.22036819  .00000234  00000-0  10000-3 0  9995
2 38995  65.3801 245.3773 6529571 266.5059 343.6624  2.00581922 51876
1 39155U 13019A   19347.91735800 +.00000089 +00000-0 +00000-0 0  9991
2 39155 064.6810 153.7005 0018057 228.2650 342.8027 02.13101922051628
1 39166U 13023A   19347.95618040 -.00000053  00000-0  00000+0 0  9999
2 39166  56.0677   4.1618 0073679  26.7797 333.6461  2.00565891 48192
1 39265U 13055A   19347.85374642  .00003051  00000-0  84883-4 0  9996
2 39265  80.9662 149.3421 0664865 127.9133 238.4100 14.28573672321147
1 39533U 14008A   19347.95935672  .00000037  00000-0  00000+0 0  9995
2 39533  53.8306 246.4327 0042086 195.6551 164.2948  2.00558067 42553
1 39620U 14012A   19347.62654340 -.00000030 +00000-0 +10000-3 0  9990
2 39620 065.6968 033.8848 0013660 317.1555 065.8923 02.13103368044579
1 39741U 14026A   19348.23538109 -.00000041  00000-0  00000+0 0  9998
2 39741  56.0210  64.1459 0018881 288.5562  71.2823  2.00559107 40849
1 40001U 14032A   19347.71298546 -.00000031  00000-0  00000+0 0  9995
2 40001  65.6371  33.8117 0008267 212.3905  97.9536  2.13102543 42784
1 40020U 14033L   19348.49970905  .00000069  00000-0  20330-4 0  9992
2 40020  97.7324 182.3126 0086319 306.7081  52.6216 14.66608985293509
1 40105U 14045A   19347.32384538  .00000098  00000-0  00000+0 0  9990
2 40105  54.5797 183.4245 0014712  97.4732 262.7560  2.00578266 39278
1 40128U 14050A   19347.36589773 -.00000076  00000-0  00000+0 0  9990
2 40128  50.5807   8.8372 1663370  93.3324 285.8325  1.85519573 36141
1 40129U 14050B   19346.55234639 -.00000077  00000-0  00000+0 0  9990
2 40129  50.6212   7.8996 1661923  94.1436 285.0198  1.85520244 36326
1 40294U 14068A   19347.70167898  .00000038  00000-0  00000+0 0  9998
2 40294  55.2564 124.3104 0024555  41.2074 318.9453  2.00565657 37506
1 40296U 14069A   19347.48517946  .00000242  00000-0  00000+0 0  9996
2 40296  62.9303 143.3948 6834066 273.5463  15.0519  2.00584692 37525
1 40315U 14075A   19348.14330035  .00000015  00000-0  00000+0 0  9999
2 40315  63.9662 273.3605 0016264 211.6481 225.2941  2.13098478 39206
1 40482U 15011A   19340.79166667 -.00000235  00000-0  00000+0 0  9991
2 40482  22.0168 120.2587 8841013  16.5454 333.5388  0.28558957 10669
1 40483U 15011B   19337.62217593 -.00000258  00000-0  00000+0 0  9990
2 40483  21.9920 120.3069 8856780  16.4631   7.5824  0.28548838 10630
1 40484U 15011C   19340.78125000 -.00000235  00000-0  00000+0 0  9998
2 40484  22.0110 120.2462 8840488  16.5586 332.4635  0.28554536 10630
1 40485U 15011D   19344.40108713 -.00000480  00000-0  00000+0 0  9996
2 40485  22.2113 120.3002 8842441  16.5556 344.5943  0.28576033 10659
1 40534U 15013A   19347.33862455 -.00000029  00000-0  00000+0 0  9997
2 40534  54.3732 302.5686 0043351   5.0662 354.9721  2.00558642 34568
1 40544U 15017A   19347.19867887 -.00000056 +00000-0 +00000-0 0  9991
2 40544 056.2965 046.6010 0005234 246.3740 113.6365 01.70475166028663
1 40545U 15017B   19346.39375238 -.00000058  00000-0  00000+0 0  9998
2 40545  56.3027  46.6383 0003514 220.7966 139.2406  1.70475421 29319
1 40730U 15033A   19347.99618098 -.00000054  00000-0  00000+0 0  9999
2 40730  55.5887   3.4181 0049083 344.2283  15.6638  2.00572784 32336
1 40889U 15045A   19344.29066241 -.00000033 +00000-0 +00000-0 0  9992
2 40889 056.3055 287.3331 0004314 352.2162 007.7662 01.70474539026427
1 40890U 15045B   19346.27006337 -.00000026  00000-0  00000+0 0  9995
2 40890  56.3033 287.2753 0002992 335.7643  24.2186  1.70474434 26487
1 40930U 15052A   19347.97644001  .00000702  00000-0  95653-5 0  9996
2 40930   5.9960 231.4565 0008368 154.4067 205.6475 14.76286743227610
1 41019U 15062A   19348.04533083  .00000039  00000-0  00000+0 0  9991
2 41019  55.2557 124.1174 0052735 206.1213 153.5817  2.00564518 30153
1 41032U 15066A   19347.18447785 -.00000939 +00000-0 +00000-0 0  9998
2 41032 063.0299 270.0586 6993001 270.1942 030.3403 02.00621051029834
1 41174U 15079A   19347.61537513  .00000099  00000-0  00000+0 0  9991
2 41174  54.9660 166.6218 0003042 337.4358  22.5724  1.70473384 24826
1 41175U 15079B   19346.66202661 +.00000104 +00000-0 +00000-0 0  9997
2 41175 054.9635 166.6478 0002359 348.8882 011.1354 01.70473349024818
1 41328U 16007A   19346.64002468  .00000103  00000-0  00000+0 0  9998
2 41328  54.8183 183.8891 0034602 217.0430 142.7847  2.00565145 28189
1 41330U 16008A   19348.48103049 -.00000033  00000-0  00000+0 0  9996
2 41330  65.4399  33.7045 0011859 218.1385 143.4834  2.13103009 29976
1 41549U 16030A   19347.37052393 -.00000021  00000-0  00000+0 0  9992
2 41549  56.4439 287.0823 0004349 310.8828  49.0828  1.70474234 22115
1 41550U 16030B   19347.07694653 -.00000022 +00000-0 +00000-0 0  9994
2 41550 056.4439 287.0921 0003752 284.9074 075.0527 01.70474202022128
1 41554U 16032A   19348.19947172  .00000016  00000-0  00000+0 0  9992
2 41554  64.1893 273.3762 0012971 224.9348 171.3135  2.13101753 27579
1 41602U 16040D   19348.42351373  .00000550  00000-0  26475-4 0  9995
2 41602  97.3380  46.1164 0010536 121.6617 238.5649 15.22779847193165
1 41859U 16069A   19346.73525954  .00000103  00000-0  00000+0 0  9995
2 41859  54.6239 167.0559 0002382 320.1056  39.9062  1.70473335 19083
1 41860U 16069B   19348.34845346  .00000095  00000-0  00000+0 0  9996
2 41860  54.6219 167.0103 0002531   3.1243 356.8949  1.70473305 19138
1 41861U 16069C   19347.54121414  .00000099  00000-0  00000+0 0  9995
2 41861  54.6241 167.0362 0001106 274.3612  85.6493  1.70473434 19123
1 41862U 16069D   19348.27479158  .00000096  00000-0  00000+0 0  9995
2 41862  54.6212 167.0115 0000527 318.0128  42.0013  1.70473370 19126
1 41866U 16071A   19348.48445661 -.00000235  00000-0  00000+0 0  9993
2 41866   0.0487 157.6633 0000827 145.8852 238.5384  1.00270489 11272
1 41896U 16080A   19347.76532334  .00000318  00000-0  29848-3 0  9996
2 41896  31.3482 224.6029 7037175  48.8190 353.3429  2.53773100 27631
1 41999U 17008BD  19347.92362388  .00001732  00000-0  68631-4 0  9994
2 41999  97.3891  53.6260 0006643 243.4577 116.5981 15.26751161156484
1 42719U 17027A   19348.34523704 -.00000393  00000-0  00000+0 0  9998
2 42719  63.2767 190.7569 6713245 266.3575 329.7851  2.00595077 18712
1 42736U 98067MR  19116.58349394  .05344197  12378-4  56382-3 0  9990
2 42736  51.6116 172.4218 0006034 335.7210 140.8917 16.36759636110007
1 42778U 17036P   19348.40476249  .00000704  00000-0  33537-4 0  9992
2 42778  97.3324  41.9283 0011124 322.6898  37.3564 15.22298591137421
1 42939U 17055A   19348.19965692  .00000016  00000-0  00000+0 0  9993
2 42939  64.4217 273.5009 0008504 254.0506   8.8706  2.13102021 17322
1 43055U 17079A   19348.17700329 -.00000019  00000-0  00000+0 0  9995
2 43055  56.4178 286.9071 0002989 282.4966  77.4782  1.70473388 12467
1 43056U 17079B   19347.29671525 -.00000021  00000-0  00000+0 0  9996
2 43056  56.4181 286.9308 0004896 278.7475  81.2003  1.70473534 12436
1 43057U 17079C   19348.10332690 -.00000019  00000-0  00000+0 0  9992
2 43057  56.4162 286.9097 0004573 290.0758  69.8828  1.70473502 12469
1 43058U 17079D   19347.15011345 -.00000022 +00000-0 +00000-0 0  9993
2 43058 056.4164 286.9330 0005307 274.6094 085.3324 01.70473494012474
1 43226U 18022A   19348.57202115  .00000111  00000-0  00000+0 0  9990
2 43226   0.0597 127.9539 0000585 138.3520 245.3660  1.00270526  6607
1 43435U 18038A   18124.35259418 -.00013193  00000-0  00000+0 0  9999
2 43435  28.9141  36.7562 9597568 230.9244 354.5130  0.10934850    10
1 43508U 18053A   19347.78363700  .00000089  00000-0  00000+0 0  9991
2 43508  64.8441 153.5135 0005848 213.9605 121.3494  2.13102615 11606
1 43564U 18060A   19347.05109647 -.00000056  00000-0  00000+0 0  9994
2 43564  56.6859  46.1833 0005742 261.2999  98.7012  1.70476283  8636
1 43565U 18060B   19346.68438679 -.00000056 +00000-0 +00000-0 0  9994
2 43565 056.6879 046.1924 0005379 267.2993 092.7045 01.70476298008665
1 43566U 18060C   19347.49109138 -.00000055  00000-0  00000+0 0  9998
2 43566  56.6889  46.1718 0005150 262.5894  97.4189  1.70476146  8655
1 43567U 18060D   19347.71095461 -.00000055  00000-0  00000+0 0  9997
2 43567  56.6884  46.1667 0005264 264.2462  95.7609  1.70476088  8631
1 43617U 18070E   19348.00656940  .00003110  00000-0  79852-4 0  9992
2 43617  93.0406  77.6825 0014600 346.7993  13.2877 15.39280441 69833
1 43687U 18086A   19347.78734170  .00000015  00000-0  00000+0 0  9997
2 43687  64.6350 273.5846 0011340 274.5922 347.6741  2.13102070  8623
1 43723U 18096E   19348.48170348  .00003068  00000-0  11471-3 0  9997
2 43723  97.4442  58.2916 0018857  64.5759 351.7032 15.27957636 58024
1 43724U 18096F   19347.86973942 +.00002287 +00000-0 +86098-4 0  9990
2 43724 097.4432 057.7049 0018802 067.5657 292.7571 15.28009161057938
1 43725U 18096G   19348.44524692  .00001983  00000-0  74908-4 0  9999
2 43725  97.4429  58.3054 0018825  65.4323 294.8876 15.28049810 58027
1 43726U 18096H   19348.44454919  .00002066  00000-0  78223-4 0  9991
2 43726  97.4436  58.3407 0019105  66.1912 294.1328 15.27916574 58026
1 43727U 18096J   19348.16199145  .00001582  00000-0  60494-4 0  9991
2 43727  97.4440  58.1202 0019262  67.3452 292.9822 15.27951263 57982
1 43733U 18096Q   19348.46442340  .00002209  00000-0  83029-4 0  9995
2 43733  97.4453  58.5101 0022324  68.1319 356.9527 15.28024735 58035
1 43734U 18096R   19348.42830183  .00002080  00000-0  78515-4 0  9999
2 43734  97.4446  58.5494 0022493  66.9342 350.9444 15.27949918 58032
1 43735U 18096S   19348.46897988  .00001890  00000-0  71179-4 0  9997
2 43735  97.4434  58.6118 0022902  68.5274 291.8404 15.28139754 58052
1 43736U 18096T   19347.81972892  .00001176  00000-0  45777-4 0  9996
2 43736  97.4444  57.9580 0023223  70.6112 289.7635 15.27796163 57942
1 43740U 18096X   19348.46549208  .00002768  00000-0  10367-3 0  9998
2 43740  97.4429  58.2864 0018654  65.0236 295.2939 15.27994583 58054
1 43741U 18096Y   19348.44814897  .00001195  00000-0  46370-4 0  9993
2 43741  97.4438  58.3533 0019273  65.8812 356.6352 15.27946048 58037
1 43742U 18096Z   19348.24701784  .00001307  00000-0  50459-4 0  9990
2 43742  97.4436  58.1712 0019141  66.1703   6.5956 15.27947530 57992
1 43747U 18096AE  19348.14914089  .00001042  00000-0  40768-4 0  9996
2 43747  97.4440  58.2785 0022549  69.2036 291.1616 15.27920030 58006
1 43748U 18096AF  19348.14002363  .00002417  00000-0  89708-4 0  9994
2 43748  97.4441  58.3099 0022191  69.2097 291.1517 15.28354021 58009
1 43749U 18096AG  19347.83567535 +.00002589 +00000-0 +94553-4 0  9991
2 43749 097.4440 058.2182 0022589 070.7078 289.6602 15.28813997057972
1 43750U 18096AH  19348.44591500  .00002210  00000-0  81464-4 0  9998
2 43750  97.4434  58.7771 0022633  69.2379 291.1282 15.28663379 58063
1 43787U 18099AF  19348.44794988  .00000032  00000-0  81260-5 0  9991
2 43787  97.7201  57.7119 0015609  90.7042 269.5968 14.95420034 56143
1 43793U 18099AM  19348.06749400  .00000539  00000-0  53336-4 0  9999
2 43793  97.7241  57.7597 0014421  93.9438 266.3432 14.95861353 55827
1 43860U 18104M   19348.14082202  .00000042  00000-0  00000+0 0  9994
2 43860  85.0362 298.6054 0014707  41.6493 318.6038 15.22403630 55169
1 43873U 18109A   19347.05565230  .00000100  00000-0  00000+0 0  9994
2 43873  54.9989 186.1056 0014656 284.1331 270.5303  2.00924180  7320