0 HST
1 20580U 90037B   19337.91810354 +.00000356 +00000-0 +10684-4 0  9995
2 20580 028.4680 179.4864 0002810 133.7226 358.6771 15.09307804426241
0 GEOTAIL
1 22049U 92044A   19215.06662851 -.00000848 +00000-0 +00000-0 0  9999
2 22049 020.3187 056.6729 5695901 154.3034 000.7560 00.19228203010938
0 NAVSTAR 43 (USA 132)
1 24876U 97035A   19338.00046351  .00000048  00000-0  00000+0 0  9995
2 24876  55.4546 191.8280 0038955  66.6314 293.8523  2.00564452163878
0 ISS (ZARYA)
1 25544U 98067A   19338.79448084  .00000755  00000-0  21194-4 0  9996
2 25544  51.6432 235.4732 0006878   0.5456 107.1040 15.50088873201728
0 CXO
1 25867U 99040B   19338.46929369 +.00000692 +00000-0 +00000-0 0  9999
2 25867 065.4993 271.8887 7433513 230.8467 000.2344 00.37806041008317
0 NAVSTAR 46 (USA 145)
1 25933U 99055A   19338.10674488 -.00000100  00000-0  00000+0 0  9993
2 25933  52.2172  38.4830 0161472 113.4849 246.3006  2.00554541147694
0 NAVSTAR 47 (USA 150)
1 26360U 00025A   19338.03868733  .00000034  00000-0  00000+0 0  9992
2 26360  53.4213 117.3556 0049475 145.8024 217.9908  2.00569118143385
0 NAVSTAR 48 (USA 151)
1 26407U 00040A   19338.08813128 -.00000048  00000-0  00000+0 0  9990
2 26407  56.1417 309.9097 0192631 277.7221  88.9866  2.00559891142069
0 CLUSTER II-FM7
1 26410U 00041A   19339.86734916 +.00000619 +00000-0 +00000-0 0  9993
2 26410 131.5083 340.1789 4226456 177.8649 359.9602 00.44186398009724
0 CLUSTER II-FM6
1 26411U 00041B   19339.77637024 +.00000000 +00000-0 +00000-0 0  9990
2 26411 131.1653 341.3413 5380130 184.5863 359.9196 00.44219032009769
0 CLUSTER II-FM5
1 26463U 00045A   19339.95179634 +.00000655 +00000-0 +00000-0 0  9995
2 26463 134.7913 340.7430 5011005 183.9466 359.9528 00.44302849009656
0 NAVSTAR 49 (USA 154)
1 26605U 00071A   19338.45466314  .00000058  00000-0  00000+0 0  9996
2 26605  55.0296 189.1902 0109319 249.8461 292.4522  2.00572686139662
0 NAVSTAR 50 (USA 156)
1 26690U 01004A   19338.17862498  .00000044  00000-0  00000+0 0  9994
2 26690  53.3306 121.4630 0000374 307.7956 270.9279  1.91595737137782
0 INTEGRAL
1 27540U 02048A   19337.67816124 +.00000462 +00000-0 +00000-0 0  9992
2 27540 051.4233 130.3727 8880810 284.6109 002.9222 00.37595292017685
0 NAVSTAR 51 (USA 166)
1 27663U 03005A   19338.16230003 -.00000048  00000-0  00000+0 0  9993
2 27663  56.1998 309.6867 0109225  32.1970 155.1008  2.00563557123429
0 NAVSTAR 52 (USA 168)
1 27704U 03010A   19336.61018083 -.00000077  00000-0  00000+0 0  9997
2 27704  54.4845  61.1049 0248875 280.1035 187.6109  2.00571256122191
0 NAVSTAR 53 (USA 175)
1 28129U 03058A   19338.19750552  .00000040  00000-0  00000+0 0  9999
2 28129  53.2326 120.1021 0070964 287.3234  71.8864  2.00567652116923
0 NAVSTAR 54 (USA 177)
1 28190U 04009A   19337.93883324 -.00000087  00000-0  00000+0 0  9991
2 28190  56.2815  10.4726 0089412  87.9530  89.8487  2.00565811115093
0 NAVSTAR 55 (USA 178)
1 28361U 04023A   19338.06376942  .00000059  00000-0  00000+0 0  9993
2 28361  54.0522 183.3982 0134232 233.5236 305.2497  2.00558812113188
0 NAVSTAR 56 (USA 180)
1 28474U 04045A   19338.43448523 -.00000080  00000-0  00000+0 0  9993
2 28474  54.8377  60.8431 0197404 263.0837 187.7853  2.00573777110556
0 NAVSTAR 57 (USA 183)
1 28874U 05038A   19338.27011212 -.00000083  00000-0  00000+0 0  9996
2 28874  56.3951   7.8292 0136408 263.7975 172.7968  2.00571669103953
0 GOES 13
1 29155U 06018A   19337.87549919 -.00000310 +00000-0 +00000-0 0  9997
2 29155 000.2021 091.7168 0009492 164.9708 270.8164 01.00000555019431
0 NAVSTAR 58 (USA 190)
1 29486U 06042A   19335.53107389 -.00000022  00000-0  00000+0 0  9992
2 29486  54.9306 246.3401 0095618   2.8071 177.6455  2.00555512 96617
0 NAVSTAR 59 (USA 192)
1 29601U 06052A   19337.71489805 -.00000047  00000-0  00000+0 0  9997
2 29601  56.1835 308.6218 0074496  61.7481 299.0008  2.00550956 95579
0 COSMOS 2425 (GLONASS)
1 29670U 06062A   19337.86678255 -.00000029 +00000-0 +10000-3 0  9994
2 29670 065.0373 274.4439 0023513 341.1667 242.9826 02.13105149100702
0 COSMOS 2426 (GLONASS)
1 29671U 06062B   19337.72815406 -.00000028 +00000-0 +10000-3 0  9990
2 29671 065.0457 274.5588 0020140 177.2271 090.0665 02.12961947100702
0 COSMOS 2424 (GLONASS)
1 29672U 06062C   19337.05432600 -.00000024 +00000-0 +00000-0 0  9990
2 29672 065.0407 274.4859 0018534 169.9308 190.1173 02.13121241100680
0 NAVSTAR 60 (USA 196)
1 32260U 07047A   19338.02928975  .00000062  00000-0  00000+0 0  9994
2 32260  53.1760 178.9304 0118821  47.6878 313.3746  2.00571207 88951
0 COSMOS 2433 (GLONASS)
1 32275U 07052A   19337.83986313 -.00000077 +00000-0 +10000-3 0  9996
2 32275 065.9151 035.4756 0004564 237.1757 155.5585 02.13104461094222
0 COSMOS 2432 (GLONASS)
1 32276U 07052B   19337.78714582 -.00000077 +00000-0 +10000-3 0  9998
2 32276 065.9295 035.5665 0009798 319.5492 343.3929 02.13103593094210
0 NAVSTAR 61 (USA 199)
1 32384U 07062A   19337.43923517 -.00000088  00000-0  00000+0 0  9998
2 32384  56.4847   8.5179 0008440 124.5515 299.9992  2.00565997 87686
0 COSMOS 2434 (GLONASS)
1 32393U 07065A   19337.71386782 -.00000029 +00000-0 +00000-0 0  9995
2 32393 064.6510 273.1713 0001448 105.1205 078.3568 02.13102955092926
0 COSMOS 2436 (GLONASS)
1 32395U 07065C   19337.66568366 -.00000029 +00000-0 +10000-3 0  9995
2 32395 064.6606 273.2225 0015185 334.2915 267.7992 02.13280822092856
0 NAVSTAR 62 (USA 201)
1 32711U 08012A   19336.44894956 -.00000028  00000-0  00000+0 0  9996
2 32711  54.6730 245.4537 0133394 222.0030 137.0186  2.00558304 85841
0 IBEX
1 33401U 08051A   17218.24856028 -.00002000 +00000-0 +00000-0 0  9992
2 33401 030.2157 094.3610 7460229 003.0421 007.6340 00.10111689003699
0 GOES 14
1 35491U 09033A   19338.41951814 -.00000088  00000-0  00000+0 0  9990
2 35491   0.1611 281.9673 0012583 305.4443 252.4111  1.00272183 38226
0 NAVSTAR 64 (USA 206)
1 35752U 09043A   19337.88932553  .00000047  00000-0  00000+0 0  9994
2 35752  54.5007 123.0122 0056592  44.5583 302.3807  2.00576911 75457
0 COSMOS 2456 (GLONASS)
1 36111U 09070A   19337.65394027 +.00000091 +00000-0 +00000-0 0  9997
2 36111 064.2106 152.8287 0002643 353.1350 317.7019 02.13102856077584
0 COSMOS 2457 (GLONASS)
1 36112U 09070B   19337.56035355 +.00000090 +00000-0 +00000-0 0  9993
2 36112 064.1922 152.7298 0006841 146.7511 216.5117 02.13101486077594
0 COSMOS 2458 (GLONASS)
1 36113U 09070C   19337.51776484 +.00000089 +00000-0 +10000-3 0  9996
2 36113 064.1986 152.7489 0002705 052.2995 308.5495 02.13092523077591
0 COSMOS 2459 (GLONASS)
1 36400U 10007A   19336.97598797 -.00000079 +00000-0 +10000-3 0  9995
2 36400 065.8202 034.5022 0024407 346.4738 318.2505 02.13103495075921
0 COSMOS 2461 (GLONASS)
1 36401U 10007B   19337.78977249 -.00000077 +00000-0 +10000-3 0  9997
2 36401 065.8143 034.4450 0005033 074.0054 045.4034 02.13101938075947
0 COSMOS 2460 (GLONASS)
1 36402U 10007C   19337.63596691 -.00000078 +00000-0 +10000-3 0  9991
2 36402 065.8038 034.4111 0002031 220.9494 179.9802 02.13101348075941
0 GOES 15
1 36411U 10008A   19338.50684295  .00000061  00000-0  00000+0 0  9993
2 36411   0.1818 274.7275 0001576 281.9639 290.5226  1.00278326 35739
0 NAVSTAR 65 (USA 213)
1 36585U 10022A   19338.50545142 -.00000051  00000-0  00000+0 0  9998
2 36585  55.4587 304.7685 0084992  49.7172 127.3492  2.00569432 69710
0 COSMOS 2464 (GLONASS)
1 37139U 10041C   19337.44990531 -.00000028 +00000-0 +00000-0 0  9998
2 37139 064.2519 272.7178 0025819 007.1743 198.8511 02.13100712072002
0 MERIDIAN 3
1 37212U 10058A   19337.35874688 -.00000017 +00000-0 +00000-0 0  9990
2 37212 063.6276 324.0819 6919704 274.0227 256.8964 02.00627690066558
0 COSMOS 2471 (GLONASS)
1 37372U 11009A   19337.51791725 -.00000078 +00000-0 +00000-0 0  9999
2 37372 065.8013 034.3599 0010363 228.2016 237.7245 02.13107566068212
0 MERIDIAN 4
1 37398U 11018A   19337.59687227 -.00000040 +00000-0 +10000-3 0  9999
2 37398 064.2414 061.2741 7212449 255.0888 247.8225 02.00617047062880
0 NAVSTAR 66 (USA 232)
1 37753U 11036A   19338.13161466 -.00000073  00000-0  00000+0 0  9998
2 37753  56.0370  65.0188 0090087  42.6983 313.2571  2.00567705 61395
0 SPEKTR R
1 37755U 11037A   18264.20000000 +.00000083 +00000-0 +00000-0 0  9993
2 37755 051.5880 113.3680 8331057 181.9940 359.9340 00.11829941003008
0 COSMOS 2474 (GLONASS)
1 37829U 11055A   19337.53004690 +.00000090 +00000-0 +00000-0 0  9990
2 37829 064.5325 153.7754 0007905 240.3481 191.0726 02.13101850063580
0 GALILEO-PFM
1 37846U 11060A   19332.75387195 -.00000089  00000-0  00000+0 0  9996
2 37846  56.4954  46.8401 0002291 302.3614  57.6549  1.70475516 50466
0 GALILEO-FM2
1 37847U 11060B   19337.38717161 -.00000087 +00000-0 +00000-0 0  9990
2 37847 056.4985 046.7114 0004427 289.8445 079.7733 01.70475653050423
0 COSMOS 2476 (GLONASS)
1 37867U 11064A   19337.41516581 +.00000088 +00000-0 +00000-0 0  9993
2 37867 064.5131 153.8274 0017348 233.5408 155.9306 02.13101864062936
0 COSMOS 2477 (GLONASS)
1 37868U 11064B   19337.67376421 +.00000092 +00000-0 +00000-0 0  9994
2 37868 064.5188 153.8721 0014879 233.7932 172.6795 02.13101782062898
0 COSMOS 2475 (GLONASS)
1 37869U 11064C   19337.86652994 +.00000094 +00000-0 +00000-0 0  9990
2 37869 064.5253 153.8664 0018403 260.6081 251.0091 02.13102061062903
0 NAVSTAR 67 (USA 239)
1 38833U 12053A   19338.12878281 -.00000030  00000-0  00000+0 0  9990
2 38833  53.7108 241.4225 0090604  34.9475 325.6976  2.00563775 52451
0 GALILEO-FM3
1 38857U 12055A   19336.90218506 +.00000070 +00000-0 +00000-0 0  9994
2 38857 054.9499 167.2210 0001004 243.1945 116.8377 01.70473954044444
0 GALILEO-FM4
1 38858U 12055B   19336.83648274 +.00000070 +00000-0 +00000-0 0  9996
2 38858 054.9502 167.2221 0000233 088.1133 271.9318 01.70473921044443
0 MERIDIAN 6
1 38995U 12063A   19337.25240264 +.00000135 +00000-0 +10000-3 0  9997
2 38995 065.3813 246.3331 6534465 266.7294 343.6258 02.00582028051658
0 COSMOS 2485 (GLONASS)
1 39155U 13019A   19337.80028637 +.00000093 +00000-0 +00000-0 0  9996
2 39155 064.6796 154.0405 0018028 228.4794 141.1175 02.13101898051411
0 NAVSTAR 68 (USA 242)
1 39166U 13023A   19337.98464410 -.00000083  00000-0  00000+0 0  9994
2 39166  56.0681   4.5563 0073145  26.8604 333.5655  2.00566138 47992
0 CASSIOPE
1 39265U 13055A   19337.90730521 +.00003602 +00000-0 +10113-3 0  9999
2 39265 080.9662 159.7235 0664794 156.9241 206.3343 14.28511012319733
0 NAVSTAR 69 (USA 248)
1 39533U 14008A   19337.98749578 -.00000036  00000-0  00000+0 0  9995
2 39533  53.8350 246.8428 0042091 195.9257 163.9889  2.00557662 42358
0 COSMOS 2492 (GLONASS)
1 39620U 14012A   19337.65012334 -.00000078 +00000-0 +10000-3 0  9995
2 39620 065.6926 034.2207 0013280 317.6295 331.8485 02.13103285044354
0 NAVSTAR 70 (USA 251)
1 39741U 14026A   19338.26351569 -.00000074  00000-0  00000+0 0  9999
2 39741  56.0145  64.5400 0018442 288.2441  71.5754  2.00559977 40641
0 COSMOS 2500 (GLONASS)
1 40001U 14032A   19337.54579840 -.00000078 +00000-0 +00000-0 0  9996
2 40001 065.6336 034.1544 0008203 208.9219 221.5327 02.13102515042571
0 BRITE TORONTO
1 40020U 14033L   19337.78834810 +.00000085 +00000-0 +22921-4 0  9992
2 40020 097.7331 172.2093 0086999 341.2019 018.5979 14.66605956291822
0 NAVSTAR 71 (USA 256)
1 40105U 14045A   19336.35592411  .00000039  00000-0  00000+0 0  9997
2 40105  54.5785 183.8632 0014515  97.1531 263.0776  2.00577639 39056
0 GALILEO 5 (261)
1 40128U 14050A   19337.12478645 -.00000112 +00000-0 +00000-0 0  9990
2 40128 050.5801 009.2462 1663640 093.0098 286.1250 01.85519727034044
0 GALILEO 6 (262)
1 40129U 14050B   19337.38927635 -.00000111 +00000-0 +00000-0 0  9996
2 40129 050.6209 008.2652 1662232 093.8571 285.2800 01.85520428036186
0 NAVSTAR 72 (USA 258)
1 40294U 14068A   19337.23163167  .00000048  00000-0  00000+0 0  9991
2 40294  55.2517 124.7267 0024507  41.4154 318.7557  2.00565062 37295
0 MERIDIAN 7
1 40296U 14069A   19337.97030219 +.00000193 +00000-0 +00000-0 0  9998
2 40296 062.9136 144.4367 6831201 273.5671 344.1992 02.00585416037330
0 COSMOS 2501 (GLONASS)
1 40315U 14075A   19337.52430743 -.00000029 +00000-0 +00000-0 0  9993
2 40315 063.9707 273.7334 0016505 211.9070 358.6254 02.13098479038976
0 MMS 1
1 40482U 15011A   19331.48813237 -.00000694 +00000-0 +00000-0 0  9999
2 40482 021.3301 119.9657 8856599 016.5167 097.7215 00.28583760010678
0 MMS 2
1 40483U 15011B   19337.62217593 -.00000258 +00000-0 +00000-0 0  9991
2 40483 021.9920 120.3069 8856780 016.4631 007.5824 00.28548838010742
0 MMS 3
1 40484U 15011C   19325.01916667  .00000192  00000-0  00000+0 0  9995
2 40484  21.1251 119.9814 8866795  16.3719 152.9426  0.28557173 10595
0 MMS 4
1 40485U 15011D   19324.02486111  .00000180  00000-0  00000+0 0  9999
2 40485  21.0899 119.9903 8868237  16.3403  50.7767  0.28559042 10595
0 NAVSTAR 73 (USA 260)
1 40534U 15013A   19337.36682459 -.00000050  00000-0  00000+0 0  9997
2 40534  54.3813 302.9778 0042806   4.5881 355.4475  2.00559461 34365
0 GALILEO 7 (263)
1 40544U 15017A   19337.22671633 -.00000087 +00000-0 +00000-0 0  9990
2 40544 056.2898 046.8779 0005028 242.1506 117.8388 01.70475327028498
0 GALILEO 8 (264)
1 40545U 15017B   19334.07547212 -.00000089  00000-0  00000+0 0  9997
2 40545  56.2945  46.9803 0003499 212.8291 147.1893  1.70475497 29100
0 NAVSTAR 74 (USA 262)
1 40730U 15033A   19337.52646102 -.00000085  00000-0  00000+0 0  9998
2 40730  55.5893   3.8372 0048484 343.9665  15.9273  2.00573529 32126
0 GALILEO 9 (205)
1 40889U 15045A   19337.83822984 -.00000043 +00000-0 +00000-0 0  9999
2 40889 056.3114 287.5102 0004187 348.7520 011.2317 01.70474625026318
0 GALILEO 10 (206)
1 40890U 15045B   19335.71151665 -.00000042  00000-0  00000+0 0  9995
2 40890  56.3122 287.5650 0002936 327.2918  32.6800  1.70474631 26300
0 ASTROSAT
1 40930U 15052A   19337.36982576 +.00000721 +00000-0 +12180-4 0  9994
2 40930 005.9975 307.0516 0008572 357.4856 002.5228 14.76285359226048
0 NAVSTAR 75 (USA 265)
1 41019U 15062A   19338.07383049  .00000052  00000-0  00000+0 0  9993
2 41019  55.2512 124.5136 0052344 205.7863 153.9405  2.00564660 29959
0 COSMOS 2510
1 41032U 15066A   19332.37151082 -.00001034  00000-0  00000+0 0  9991
2 41032  63.0371 271.8761 7000199 270.1568 130.8979  2.00652552 29521
0 GALILEO 12 (269)
1 41174U 15079A   19337.64346948 +.00000076 +00000-0 +00000-0 0  9999
2 41174 054.9634 166.8965 0003108 337.4788 022.5511 01.70473482024247
0 GALILEO 11 (268)
1 41175U 15079B   19336.69010623 +.00000069 +00000-0 +00000-0 0  9994
2 41175 054.9607 166.9225 0002429 348.2291 011.8068 01.70473450024649
0 NAVSTAR 76 (USA 266)
1 41328U 16007A   19338.16427563  .00000061  00000-0  00000+0 0  9996
2 41328  54.8174 184.2259 0034391 217.1240 142.7047  2.00565659 28011
0 COSMOS 2514 (GLONASS)
1 41330U 16008A   19337.58535301 -.00000078 +00000-0 +00000-0 0  9995
2 41330 065.4359 034.0735 0011794 216.2564 066.5813 02.13102969029738
0 GALILEO 14 (26B)
1 41549U 16030A   19335.63877409 -.00000042  00000-0  00000+0 0  9994
2 41549  56.4537 287.4029 0004486 304.7867  55.1609  1.70474395 21913
0 GALILEO 13 (26A)
1 41550U 16030B   19337.10496364 -.00000043 +00000-0 +00000-0 0  9999
2 41550 056.4523 287.3646 0004005 280.9111 079.0367 01.70474432021950
0 COSMOS 2516 (GLONASS)
1 41554U 16032A   19337.66538281 -.00000029 +00000-0 +00000-0 0  9995
2 41554 064.1935 273.7424 0013402 225.2650 009.5916 02.13101762027349
0 GHGSAT-D
1 41602U 16040D   19337.90961294 +.00000581 +00000-0 +27791-4 0  9991
2 41602 097.3395 035.8461 0009770 154.3708 205.8014 15.22766806191564
0 GALILEO 15 (267)
1 41859U 16069A   19336.76334495 +.00000069 +00000-0 +00000-0 0  9997
2 41859 054.6218 167.3330 0002443 320.3734 039.6512 01.70473433018842
0 GALILEO 16 (26C)
1 41860U 16069B   19336.61680386 +.00000068 +00000-0 +00000-0 0  9995
2 41860 054.6195 167.3364 0002602 002.0676 357.9758 01.70473422018937
0 GALILEO 17 (26D)
1 41861U 16069C   19337.56932008 +.00000075 +00000-0 +00000-0 0  9990
2 41861 054.6220 167.3135 0001131 277.6674 082.3637 01.70473557018953
0 GALILEO 18 (26E)
1 41862U 16069D   19337.71631916 +.00000076 +00000-0 +00000-0 0  9993
2 41862 054.6205 167.3051 0000577 319.6864 040.3537 01.70473466018946
0 GOES 16
1 41866U 16071A   19338.42527572 -.00000242  00000-0  00000+0 0  9996
2 41866   0.0415 135.8667 0000329 135.2636 239.7320  1.00272281 11172
0 ARASE (ERG)
1 41896U 16080A   19337.91493280 +.00000513 +00000-0 +65903-3 0  9997
2 41896 031.3740 228.5577 7034324 042.7688 354.2645 02.53766601027365
0 BGUSAT
1 41999U 17008BD  19337.43698070 +.00001718 +00000-0 +68167-4 0  9997
2 41999 097.3903 043.2487 0006467 289.8573 070.1968 15.26713567154888
0 COSMOS 2518
1 42719U 17027A   19334.39803041 -.00000463  00000-0  00000+0 0  9991
2 42719  63.2820 192.1765 6712131 266.4254 337.2166  2.00612548 18439
0 BEEAGLESAT
1 42736U 98067MR  19116.58349394  .05344197  12378-4  56382-3 0  9990
2 42736  51.6116 172.4218 0006034 335.7210 140.8917 16.36759636110007
0 MAX VALIER SAT
1 42778U 17036P   19337.88755365 +.00000719 +00000-0 +34179-4 0  9990
2 42778 097.3339 031.6702 0012089 001.7282 358.3994 15.22282549135823
0 COSMOS 2522 (GLONASS)
1 42939U 17055A   19337.86738866 -.00000030 +00000-0 +00000-0 0  9994
2 42939 064.4259 273.8590 0008999 253.4999 002.8542 02.13101999017104
0 GALILEO 19 (2C5)
1 43055U 17079A   19337.61837557 -.00000043 +00000-0 +00000-0 0  9994
2 43055 056.4269 287.1958 0003279 277.3657 082.5903 01.70473583012287
0 GALILEO 20 (2C6)
1 43056U 17079B   19337.91128052 -.00000043 +00000-0 +00000-0 0  9991
2 43056 056.4266 287.1874 0005192 275.6669 084.2671 01.70473691012306
0 GALILEO 21 (2C7)
1 43057U 17079C   19336.95811843 -.00000043 +00000-0 +00000-0 0  9992
2 43057 056.4258 287.2144 0004788 286.9589 072.9814 01.70473673012274
0 GALILEO 22 (2C8)
1 43058U 17079D   19337.76467645 -.00000043 +00000-0 +00000-0 0  9990
2 43058 056.4255 287.1896 0005611 272.0105 087.9185 01.70473714012319
0 GOES 17
1 43226U 18022A   19338.55476831  .00000105  00000-0  00000+0 0  9998
2 43226   0.0540 116.9163 0000327  99.2596 279.4263  1.00271945  6500
0 TESS
1 43435U 18038A   18124.35259418 -.00013193  00000-0  00000+0 0  9999
2 43435  28.9141  36.7562 9597568 230.9244 354.5130  0.10934850    10
0 COSMOS 2527 (GLONASS)
1 43508U 18053A   19337.50011315 +.00000090 +00000-0 +00000-0 0  9995
2 43508 064.8423 153.8572 0005835 214.4936 151.6280 02.13102601011393
0 GALILEO 25 (2C1)
1 43564U 18060A   19337.66576419 -.00000086 +00000-0 +00000-0 0  9999
2 43564 056.6800 046.4414 0005473 258.4753 101.5044 01.70476460008463
0 GALILEO 26 (2C2)
1 43565U 18060B   19337.29905757 -.00000087 +00000-0 +00000-0 0  9991
2 43565 056.6819 046.4506 0005092 264.6705 095.3126 01.70476508008508
0 GALILEO 23 (2C9)
1 43566U 18060C   19336.93258900 -.00000088 +00000-0 +00000-0 0  9994
2 43566 056.6821 046.4622 0004859 259.1103 100.8764 01.70476327008477
0 GALILEO 24 (2C0)
1 43567U 18060D   19337.15245984 -.00000087 +00000-0 +00000-0 0  9997
2 43567 056.6821 046.4566 0004872 259.9999 099.9864 01.70476449008464
0 ELFIN A
1 43617U 18070E   19337.86469248 +.00003062 +00000-0 +78678-4 0  9998
2 43617 093.0402 073.4643 0016481 025.5316 334.6748 15.39219195068273
0 COSMOS 2529 (GLONASS)
1 43687U 18086A   19337.93618139 -.00000030 +00000-0 +00000-0 0  9998
2 43687 064.6400 273.9233 0011669 273.0884 351.7037 02.13102039008414
0 FLOCK 3R 9
1 43723U 18096E   19337.75886924 +.00002959 +00000-0 +11092-3 0  9996
2 43723 097.4445 047.5819 0018928 099.3561 053.5670 15.27895299056384
0 FLOCK 3R 12
1 43724U 18096F   19337.78461884 +.00002767 +00000-0 +10371-3 0  9990
2 43724 097.4440 047.6330 0019090 100.2207 260.1186 15.27958155056399
0 FLOCK 3R 11
1 43725U 18096G   19337.64006975 +.00001380 +00000-0 +53048-4 0  9991
2 43725 097.4440 047.5139 0019066 100.3488 259.9902 15.28006982056374
0 FLOCK 3R 5
1 43726U 18096H   19337.90038845 +.00002135 +00000-0 +80868-4 0  9991
2 43726 097.4446 047.8109 0019389 100.4344 259.9081 15.27870811056413
0 FLOCK 3R 8
1 43727U 18096J   19337.94554784 +.00002274 +00000-0 +85812-4 0  9999
2 43727 097.4449 047.9167 0019531 100.5076 259.8365 15.27912724056429
0 FLOCK 3R 4
1 43733U 18096Q   19337.80360641 +.00002596 +00000-0 +97214-4 0  9994
2 43733 097.4448 047.8597 0022480 103.4971 036.2445 15.27977614056407
0 FLOCK 3R 3
1 43734U 18096R   19337.70539593 +.00001988 +00000-0 +75237-4 0  9993
2 43734 097.4445 047.8398 0022688 102.8221 051.1973 15.27910068056395
0 FLOCK 3R 16
1 43735U 18096S   19337.92636699 +.00002073 +00000-0 +77903-4 0  9991
2 43735 097.4443 048.0804 0023128 103.2185 257.1636 15.28096397056444
0 FLOCK 3R 15
1 43736U 18096T   19337.86427762 +.00000855 +00000-0 +34085-4 0  9994
2 43736 097.4453 048.0173 0023382 103.4196 256.9652 15.27770045056422
0 FLOCK 3R 10
1 43740U 18096X   19337.92181616 +.00002843 +00000-0 +10658-3 0  9999
2 43740 097.4439 047.7569 0018984 099.2155 261.1232 15.27934090056441
0 FLOCK 3R 6
1 43741U 18096Y   19337.65908020 +.00001217 +00000-0 +47227-4 0  9993
2 43741 097.4440 047.5787 0019378 100.8189 053.9547 15.27917020056381
0 FLOCK 3R 7
1 43742U 18096Z   19337.83287786 +.00001935 +00000-0 +73434-4 0  9999
2 43742 097.4438 047.7715 0019131 100.0851 325.9556 15.27916591056404
0 FLOCK 3R 1
1 43747U 18096AE  19337.86704964 +.00001091 +00000-0 +42557-4 0  9994
2 43747 097.4451 048.0102 0022737 102.9965 257.3815 15.27897667056432
0 FLOCK 3R 2
1 43748U 18096AF  19337.92622400 +.00002528 +00000-0 +93822-4 0  9993
2 43748 097.4450 048.1024 0022440 102.8081 257.5667 15.28302765056444
0 FLOCK 3R 14
1 43749U 18096AG  19337.88675167 +.00002734 +00000-0 +99845-4 0  9997
2 43749 097.4447 048.2691 0022802 103.5290 256.8492 15.28760847056452
0 FLOCK 3R 13
1 43750U 18096AH  19337.77596903 +.00002224 +00000-0 +82084-4 0  9998
2 43750 097.4443 048.1098 0022865 104.3728 256.0052 15.28613780056439
0 KAZSCISAT-1
1 43787U 18099AF  19337.87576822 +.00000842 +00000-0 +81299-4 0  9991
2 43787 097.7210 047.2987 0015654 123.1613 237.1112 14.95408641054561
0 CSIM
1 43793U 18099AM  19337.83289470 +.00000428 +00000-0 +43402-4 0  9998
2 43793 097.7257 047.6669 0014427 123.9544 236.3050 14.95855784054294
0 GOERGEN
1 43860U 18104M   19337.49250758 +.00000042 +00000-0 +00000-0 0  9994
2 43860 085.0320 305.6537 0015626 073.4188 286.8798 15.22352468053544
0 NAVSTAR 77 (USA 289)
1 43873U 18109A   19338.32580595  .00000060  00000-0  00000+0 0  9990
2 43873  54.9978 186.4521 0014948 284.9032  75.0032  2.00922998  7151